6.367578125000000000e+01
1.144375000000000000e+02
6.367578125000000000e+01
1.350625000000000000e+02
6.575390625000000000e+01
1.529375000000000000e+02
6.991015625000000000e+01
1.708125000000000000e+02
7.718359375000000000e+01
1.859375000000000000e+02
8.757421875000000000e+01
1.983125000000000000e+02
9.900390625000000000e+01
2.093125000000000000e+02
1.125117187500000000e+02
2.175625000000000000e+02
1.270585937500000000e+02
2.175625000000000000e+02
1.416054687500000000e+02
2.175625000000000000e+02
1.540742187500000000e+02
2.106875000000000000e+02
1.644648437500000000e+02
1.996875000000000000e+02
1.748554687500000000e+02
1.859375000000000000e+02
1.831679687500000000e+02
1.708125000000000000e+02
1.873242187500000000e+02
1.543125000000000000e+02
1.883632812500000000e+02
1.378125000000000000e+02
1.883632812500000000e+02
1.185625000000000000e+02
7.198828125000000000e+01
1.034375000000000000e+02
8.237890625000000000e+01
9.793750000000000000e+01
9.276953125000000000e+01
9.862500000000000000e+01
1.036796875000000000e+02
1.000000000000000000e+02
1.135507812500000000e+02
1.027500000000000000e+02
1.416054687500000000e+02
1.020625000000000000e+02
1.525156250000000000e+02
1.000000000000000000e+02
1.629062500000000000e+02
9.862500000000000000e+01
1.732968750000000000e+02
9.862500000000000000e+01
1.831679687500000000e+02
1.034375000000000000e+02
1.280976562500000000e+02
1.213125000000000000e+02
1.280976562500000000e+02
1.323125000000000000e+02
1.280976562500000000e+02
1.433125000000000000e+02
1.280976562500000000e+02
1.556875000000000000e+02
1.166679687500000000e+02
1.666875000000000000e+02
1.218632812500000000e+02
1.666875000000000000e+02
1.270585937500000000e+02
1.680625000000000000e+02
1.332929687500000000e+02
1.680625000000000000e+02
1.395273437500000000e+02
1.666875000000000000e+02
8.237890625000000000e+01
1.213125000000000000e+02
8.861328125000000000e+01
1.158125000000000000e+02
1.031601562500000000e+02
1.171875000000000000e+02
1.093945312500000000e+02
1.240625000000000000e+02
1.021210937500000000e+02
1.268125000000000000e+02
8.861328125000000000e+01
1.240625000000000000e+02
1.457617187500000000e+02
1.254375000000000000e+02
1.519960937500000000e+02
1.171875000000000000e+02
1.665429687500000000e+02
1.158125000000000000e+02
1.727773437500000000e+02
1.199375000000000000e+02
1.665429687500000000e+02
1.240625000000000000e+02
1.530351562500000000e+02
1.254375000000000000e+02
1.041992187500000000e+02
1.845625000000000000e+02
1.145898437500000000e+02
1.818125000000000000e+02
1.239414062500000000e+02
1.790625000000000000e+02
1.270585937500000000e+02
1.790625000000000000e+02
1.312148437500000000e+02
1.790625000000000000e+02
1.405664062500000000e+02
1.818125000000000000e+02
1.488789062500000000e+02
1.845625000000000000e+02
1.426445312500000000e+02
1.914375000000000000e+02
1.353710937500000000e+02
1.941875000000000000e+02
1.270585937500000000e+02
1.955625000000000000e+02
1.187460937500000000e+02
1.941875000000000000e+02
1.114726562500000000e+02
1.900625000000000000e+02
1.062773437500000000e+02
1.845625000000000000e+02
1.166679687500000000e+02
1.859375000000000000e+02
1.270585937500000000e+02
1.859375000000000000e+02
1.374492187500000000e+02
1.859375000000000000e+02
1.468007812500000000e+02
1.859375000000000000e+02
1.374492187500000000e+02
1.859375000000000000e+02
1.270585937500000000e+02
1.859375000000000000e+02
1.166679687500000000e+02
1.859375000000000000e+02
